System=CsNiF3 AF without U
IBRION = -1

PREC = high
NELM = 100
NSW = 0

EDIFF = 1.0E-7
#EDIFFG = -1.0E-5

ISMEAR = -5
LREAL = .TRUE.
LWAVE = .FALSE.
LCHARG = .FALSE.
ISPIN = 2
ENCUT = 520
NPAR = 2
LORBIT = 11

MAGMOM = 0.105000 -0.105000 -0.105000 0.105000 0.105000 -0.105000 -0.105000 0.105000 -0.104000 0.104000 0.104000 -0.104000 0.105000 -0.105000 -0.105000 0.105000 0.105000 -0.105000 -0.105000 0.105000 -0.104000 0.104000 0.104000 -0.104000 1.642000 -1.642000 -1.642000 -1.642000 -1.642000 1.642000 1.642000 1.642000 0.001000 -0.001000 -0.001000 0.001000 0.001000 -0.001000 -0.001000 0.001000 
