SYSTEM = AlMn_pv
ISYM   = 2
LCHARG = FALSE
LWAVE  = FALSE
PREC   = Accurate
ADDGRID = True
ALGO   = ALL
NELMDL = -8
ENCUT  = 404.796
EDIFF  = 1.e-07 
NELM   = 100
NELMIN = 4
ISMEAR = 1 
SIGMA  = 0.20
POTIM  = 0.20
ISPIN  = 2
LORBIT = 10
NPAR   = 2
KPAR   = 4
LREAL  = F
MAGMOM = 0.000000 0.000000 0.000000 0.000000 0.000000 0.000000 0.000000 0.000000 0.000000 0.000000 0.000000 0.000000 0.000000 0.000000 0.000000 0.000000 0.000000 0.000000 3.000000 3.000000 -3.000000 3.000000 -3.000000 3.000000 -3.000000 3.000000 -3.000000 3.000000 -3.000000 3.000000 -3.000000 3.000000 -3.000000 3.000000 -3.000000 3.000000 
